,Air Transport Movements year,Air Transport Movements month,Air Transport Movements europe,Air Transport Movements intercontinental,Air Transport Movements total,Passengers europe,Passengers intercontinental,Passengers total,Passengers o&d,Passengers transfer,Passengers total.1,Passengers scheduled,Passengers non scheduled,Passengers transit direct,Passengers total.2,Cargo (tonnes),Mail (tonnes)
0,1992,January,14716,2955,17671,726163,423659,1149822,739774,410048,1149822,1051816,98006,35052,1184874,50457,2166
1,1992,February,14030,2779,16809,719055,367924,1086979,728823,358156,1086979,997218,89761,30491,1117470,56180,2154
2,1992,March,15454,2998,18452,847487,429187,1276674,866246,410428,1276674,1160363,116311,32161,1308835,64284,2242
3,1992,April,16649,3011,19660,1056108,466414,1522522,1065468,457054,1522522,1307113,215409,32640,1555162,56924,2252
4,1992,May,17591,3167,20758,1223278,518839,1742117,1276443,465674,1742117,1411578,330539,34620,1776737,58328,2232
5,1992,June,17472,3137,20609,1201846,535429,1737275,1219877,517398,1737275,1398283,338992,37386,1774661,53453,2166
6,1992,July,18575,3420,21995,1340419,639481,1979900,1412898,567002,1979900,1520926,458974,43290,2023190,56186,2333
7,1992,August,18314,3511,21825,1398556,662480,2061036,1483508,577528,2061036,1518283,542753,44748,2105784,51319,2055
8,1992,September,17791,3262,21053,1292031,575912,1867943,1331429,536514,1867943,1463394,404549,41108,1909051,53548,2306
9,1992,October,17753,3285,21038,1158699,549053,1707752,1192786,514966,1707752,1412656,295096,36049,1743801,60723,2558
10,1992,November,16653,3336,19989,846584,452172,1298756,844596,454160,1298756,1196059,102697,29878,1328634,67931,2732
11,1992,December,15568,3385,18953,817995,463819,1281814,803326,478488,1281814,1180317,101497,35051,1316865,65707,3604
12,1992,Total,200566,38246,238812,12628221,6084369,18712590,12965174,5747416,18712590,15618006,3094584,432474,19145064,695040,28799
13,1993,January,16486,3312,19798,803529,477622,1281151,776505,504646,1281151,1172230,108921,37577,1318728,56034,2505
14,1993,February,14685,2943,17628,771519,393457,1164976,736274,428702,1164976,1066455,98521,27577,1192553,60097,2413
15,1993,March,17152,3361,20513,964825,489504,1454329,904977,549352,1454329,1329503,124826,37403,1491732,71103,2735
16,1993,April,18017,3411,21428,1118817,526471,1645288,1022580,622708,1645288,1459459,185829,42149,1687437,65193,2627
17,1993,May,19088,3514,22602,1269237,548506,1817743,1166889,650854,1817743,1524030,293713,42395,1860138,65014,2629
18,1993,June,18747,3532,22279,1292998,602787,1895785,1172007,723778,1895785,1591041,304744,46045,1941830,59788,2548
19,1993,July,20245,3872,24117,1487622,748689,2236311,1424025,812286,2236311,1761511,474800,53257,2289568,60521,2650
20,1993,August,20209,3892,24101,1526835,769116,2295951,1485493,810458,2295951,1771478,524473,51182,2347133,56287,2427
21,1993,September,19295,3682,22977,1423636,663679,2087315,1358289,729026,2087315,1686169,401146,47650,2134965,61017,2733
22,1993,October,19150,3829,22979,1343259,637632,1980891,1286421,694470,1980891,1664633,316258,42748,2023639,71215,3074
23,1993,November,17145,3636,20781,962921,502525,1465446,910868,554578,1465446,1345245,120201,34740,1500186,72942,3001
24,1993,December,16653,3819,20472,919326,525700,1445026,850248,594778,1445026,1344184,100842,41334,1486360,76168,4247
25,1993,Total,216872,42803,259675,13884524,6885688,20770212,13094576,7675636,20770212,17715938,3054274,504057,21274269,775378,33589
26,1994,January,17398,3695,21093,929842,558278,1488120,863976,624144,1488120,1369107,119013,41210,1529330,64601,2670
27,1994,February,15958,3247,19205,885022,453311,1338333,814931,523402,1338333,1220768,117565,27131,1365464,68354,2577
28,1994,March,18305,3726,22031,1133628,582161,1715789,1027187,688602,1715789,1569485,146304,39092,1754881,76897,2994
29,1994,April,18702,3702,22404,1227239,578851,1806090,1120310,685780,1806090,1615375,190715,35079,1841169,67043,2697
30,1994,May,20356,3785,24141,1456056,627260,2083316,1374826,708490,2083316,1731411,351905,40767,2124083,65909,2696
31,1994,June,19789,3753,23542,1417042,675236,2092278,1333856,758422,2092278,1745450,346828,45151,2137429,63818,2784
32,1994,July,20813,4107,24920,1601073,829727,2430800,1578960,851840,2430800,1928084,502716,50089,2480889,63457,2820
33,1994,August,20970,4120,25090,1598506,826388,2424894,1564020,860874,2424894,1916658,508236,51830,2476724,61142,2628
34,1994,September,20056,3911,23967,1563969,735047,2299016,1459138,839878,2299016,1903267,395749,46148,2345164,65995,3058
35,1994,October,19912,4031,23943,1439472,691216,2130688,1346980,783708,2130688,1824980,305708,40741,2171429,77825,3288
36,1994,November,18235,3835,22070,1081320,570901,1652221,996145,656076,1652221,1547807,104414,32235,1684456,80734,3536
37,1994,December,17669,3989,21658,1024775,583387,1608162,930264,677898,1608162,1510780,97382,40618,1648780,82129,4826
38,1994,Total,228163,45901,274064,15357944,7711763,23069707,14410593,8659114,23069707,19883172,3186535,490091,23559798,837904,36574
39,1995,January,18563,3953,22516,1024360,622714,1647074,924394,722680,1647074,1534837,112237,41977,1689051,70467,3316
40,1995,February,17256,3589,20845,964298,515393,1479691,866061,613630,1479691,1373719,105972,29746,1509437,76022,3092
41,1995,March,19515,4146,23661,1233207,651771,1884978,1119920,765058,1884978,1739048,145930,41121,1926099,90944,3459
42,1995,April,19289,4218,23507,1336344,671554,2007898,1230136,777762,2007898,1763673,244225,42828,2050726,81964,3256
43,1995,May,21101,4286,25387,1509693,699261,2208954,1433332,775622,2208954,1834491,374463,42174,2251128,76681,3198
44,1995,June,20229,4183,24412,1489265,727899,2217164,1389220,827944,2217164,1859689,357475,46597,2263761,77636,3212
45,1995,July,21609,4577,26186,1649977,884314,2534291,1616139,918152,2534291,2019344,514947,47877,2582168,78335,3123
46,1995,August,21887,4555,26442,1656967,903345,2560312,1622834,937478,2560312,2038463,521849,46698,2607010,72015,3099
47,1995,September,20628,4385,25013,1608667,820402,2429069,1525365,903704,2429069,2015084,413985,40449,2469518,80066,3431
48,1995,October,20900,4473,25373,1519766,795311,2315077,1441673,873404,2315077,1989471,325606,40136,2355213,86310,3695
49,1995,November,19477,4393,23870,1157281,642327,1799608,1059606,740002,1799608,1675581,124027,35864,1835472,94222,3837
50,1995,December,18821,4657,23478,1098683,673907,1772590,1003016,769574,1772590,1636770,135820,42828,1815418,92869,5066
51,1995,Total,239275,51415,290690,16248508,8608198,24856706,15231696,9625010,24856706,21480170,3376536,498295,25355001,977531,41784
52,1996,January,19580,4464,24044,1061606,683193,1744799,966163,778636,1744799,1617341,127458,44174,1788973,82567,3524
53,1996,February,18413,4128,22541,1052087,607006,1659093,967279,691814,1659093,1531041,128052,33041,1692134,86755,3471
54,1996,March,20405,4598,25003,1332208,767613,2099821,1223519,876302,2099821,1923147,176674,41663,2141484,100685,3705
55,1996,April,21421,4584,26005,1398251,737485,2135736,1290214,845522,2135736,1904514,231222,39948,2175684,88326,3269
56,1996,May,23440,4674,28114,1640433,787461,2427894,1542508,885386,2427894,2048200,379694,44675,2472569,86585,3274
57,1996,June,22742,4583,27325,1644575,824307,2468882,1499296,969586,2468882,2093994,374888,46167,2515049,85110,3047
58,1996,July,24493,5001,29494,1737992,965225,2703217,1687893,1015324,2703217,2194780,508437,49301,2752518,80494,3105
59,1996,August,24424,5075,29499,1783229,983612,2766841,1720713,1046128,2766841,2241672,525169,54290,2821131,83893,2832
60,1996,September,23685,4666,28351,1769166,886070,2655236,1614758,1040478,2655236,2243760,411476,44970,2700206,87162,3067
61,1996,October,24061,4832,28893,1684184,866189,2550373,1537767,1012606,2550373,2207615,342758,43439,2593812,99200,3595
62,1996,November,21977,4567,26544,1317979,734118,2052097,1170553,881544,2052097,1918344,133753,43701,2095798,102553,3803
63,1996,December,21163,4804,25967,1249617,748438,1998055,1091553,906502,1998055,1864906,133149,47468,2045523,99516,5114
64,1996,Total,265804,55976,321780,17671327,9590717,27262044,16312216,10949828,27262044,23789314,3472730,532837,27794881,1082846,41806
65,1997,January,21731,4583,26314,1179801,740947,1920748,1024382,896366,1920748,1794002,126746,49072,1969820,86438,3515
66,1997,February,20280,4160,24440,1202059,674635,1876694,1046374,830320,1876694,1741938,134756,40810,1917504,86919,3467
67,1997,March,22926,4837,27763,1524865,856065,2380930,1310016,1070914,2380930,2186170,194760,49041,2429971,107126,3796
68,1997,April,24020,4732,28752,1643033,824369,2467402,1406920,1060482,2467402,2229454,237948,47628,2515030,95376,3690
69,1997,May,25351,5079,30430,1888753,882018,2770771,1682193,1088578,2770771,2381209,389562,51719,2822490,97324,3702
70,1997,June,24599,4951,29550,1865517,915823,2781340,1621756,1159584,2781340,2399147,382193,47977,2829317,93295,3549
71,1997,July,26085,5460,31545,2070966,1072960,3143926,1896088,1247838,3143926,2568649,575277,55904,3199830,93158,3743
72,1997,August,25918,5447,31365,2082453,1089782,3172235,1922481,1249754,3172235,2580945,591290,53430,3225665,90739,3289
73,1997,September,25200,5048,30248,1974844,977696,2952540,1739602,1212938,2952540,2519848,432692,43309,2995849,95101,3610
74,1997,October,25865,5181,31046,1950625,970252,2920877,1719185,1201692,2920877,2556495,364382,38344,2959221,103903,4036
75,1997,November,24086,4892,28978,1566997,817555,2384552,1348974,1035578,2384552,2239337,145215,34872,2419424,107406,4149
76,1997,December,24003,5042,29045,1439120,809867,2248987,1211469,1037518,2248987,2107689,141298,36869,2285856,104449,5503
77,1997,Total,290064,59412,349476,20389033,10631969,31021002,17929440,13091562,31021002,27304883,3716119,548975,31569977,1161234,46048
78,1998,January,24979,4954,29933,1390078,818538,2208616,1163836,1044780,2208616,2063651,144965,40338,2248954,90464,3630
79,1998,February,23377,4537,27914,1434974,743782,2178756,1214596,964160,2178756,2031004,147752,33804,2212560,97513,3448
80,1998,March,25893,5046,30939,1736209,896661,2632870,1482660,1150210,2632870,2450009,182861,39772,2672642,109662,3952
81,1998,April,25624,5026,30650,1813423,893482,2706905,1542039,1164866,2706905,2451395,255510,34613,2741518,95536,3901
82,1998,May,27380,5370,32750,2084767,944978,3029745,1850159,1179586,3029745,2609459,420286,39902,3069647,98220,3980
83,1998,June,26663,5241,31904,2020094,995308,3015402,1720938,1294464,3015402,2635873,379529,44274,3059676,96084,3781
84,1998,July,28832,5680,34512,2269803,1121611,3391414,2013192,1378222,3391414,2798781,592633,45578,3436992,92940,3820
85,1998,August,28279,5685,33964,2346609,1161196,3507805,2115755,1392050,3507805,2844351,663454,47369,3555174,90747,3579
86,1998,September,27087,5077,32164,2191622,986230,3177852,1929000,1248852,3177852,2680986,496866,41970,3219822,91291,3818
87,1998,October,27298,5386,32684,2112332,1030629,3142961,1857321,1285640,3142961,2737334,405627,36074,3179035,101184,4076
88,1998,November,24955,5066,30021,1672816,872999,2545815,1428711,1117104,2545815,2385945,159870,29729,2575544,106880,4019
89,1998,December,24182,5193,29375,1553547,860460,2414007,1290561,1123446,2414007,2267233,146774,34572,2448579,100734,5486
90,1998,Total,314549,62261,376810,22626274,11325874,33952148,19608768,14343380,33952148,29956021,3996127,467995,34420143,1171256,47490
91,1999,January,24587,5053,29640,1501799,870779,2372578,1247660,1124918,2372578,2216865,155713,31514,2404092,88159,3664
92,1999,February,22902,4624,27526,1539563,793101,2332664,1312806,1019858,2332664,2164590,168074,24540,2357204,94718,3515
93,1999,March,26251,5222,31473,1845462,979866,2825328,1517946,1307382,2825328,2632698,192630,30681,2856009,108781,3711
94,1999,April,26805,5208,32013,1939118,962360,2901478,1648564,1252914,2901478,2641841,259637,24379,2925857,97708,3453
95,1999,May,28734,5399,34133,2248760,1015195,3263955,1994033,1269922,3263955,2768692,495263,24185,3288140,97092,3487
96,1999,June,28146,5280,33426,2193159,1033579,3226738,1842788,1383950,3226738,2793476,433262,29120,3255858,92819,3506
97,1999,July,29786,5743,35529,2438123,1172663,3610786,2161974,1448812,3610786,2961846,648940,33353,3644139,96040,3339
98,1999,August,29871,5754,35625,2481800,1227474,3709274,2246142,1463132,3709274,3005101,704173,32726,3742000,90496,3083
99,1999,September,28963,5448,34411,2355974,1111211,3467185,2048219,1418966,3467185,2953884,513301,30620,3497805,95374,3359
100,1999,October,29497,5629,35126,2318643,1131003,3449646,2032532,1417114,3449646,3002059,447587,29754,3479400,107464,3729
101,1999,November,27925,5258,33183,1830233,972718,2802951,1591347,1211604,2802951,2624220,178731,29033,2831984,106774,4122
102,1999,December,26217,5304,31521,1589900,872630,2462530,1306654,1155876,2462530,2334104,128426,26997,2489527,105294,5599
103,1999,Total,329684,63922,393606,24282534,12142579,36425113,20950665,15474448,36425113,32099376,4325737,346902,36772015,1180717,44567
104,2000,January,27382,5155,32537,1587912,902733,2490645,1312179,1178466,2490645,2342422,148223,26743,2517388,92023,3631
105,2000,February,26894,5000,31894,1681091,880429,2561520,1394330,1167190,2561520,2401308,160212,22455,2583975,99681,3590
106,2000,March,28830,5433,34263,2026768,1040786,3067554,1713062,1354492,3067554,2846381,221173,25664,3093218,109485,3863
107,2000,April,28437,5379,33816,2158458,1068493,3226951,1836939,1390012,3226951,2912581,314370,25412,3252363,100535,3210
108,2000,May,30984,5555,36539,2459993,1086500,3546493,2157489,1389004,3546493,3043551,502942,26675,3573168,98759,3545
109,2000,June,29804,5402,35206,2386632,1106155,3492787,2047173,1445614,3492787,2986607,506180,30442,3523229,96432,3385
110,2000,July,31298,5810,37108,2693760,1258503,3952263,2405757,1546506,3952263,3218392,733871,34880,3987143,98766,3365
111,2000,August,31416,5842,37258,2669847,1262225,3932072,2392146,1539926,3932072,3185178,746894,33987,3966059,94547,3346
112,2000,September,29837,5659,35496,2551193,1169091,3720284,2229494,1490790,3720284,3139843,580441,32372,3752656,103074,3477
113,2000,October,30393,5777,36170,2495815,1155740,3651555,2169145,1482410,3651555,3146902,504653,27314,3678869,110050,3704
114,2000,November,27423,5479,32902,1911192,1003780,2914972,1625126,1289846,2914972,2728356,186616,24098,2939070,107780,4322
115,2000,December,26022,5717,31739,1738115,975399,2713514,1440420,1273094,2713514,2544915,168599,26273,2739787,111462,5352
116,2000,Total,348720,66208,414928,26360776,12909834,39270610,22723260,16547350,39270610,34496436,4774174,336315,39606925,1222594,44792
117,2001,January,27246,5589,32835,1713837,990160,2703997,1433939,1270058,2703997,2544652,159345,26728,2730725,95384,3884
118,2001,February,25293,5143,30436,1705010,886363,2591373,1434729,1156644,2591373,2419112,172261,21222,2612595,99928,3633
119,2001,March,28633,5896,34529,2086875,1076873,3163748,1795120,1368628,3163748,2922917,240831,23586,3187334,111857,4449
120,2001,April,28395,5762,34157,2258561,1096576,3355137,1911603,1443534,3355137,3053737,301400,24603,3379740,97008,4047
121,2001,May,31413,5842,37255,2533221,1080481,3613702,2257834,1355868,3613702,3085124,528578,18896,3632598,94515,4080
122,2001,June,30469,5740,36209,2534319,1152454,3686773,2203865,1482908,3686773,3171840,514933,21738,3708511,93457,3983
123,2001,July,32245,6141,38386,2825008,1273708,4098716,2516466,1582250,4098716,3359039,739677,25508,4124224,89024,3829
124,2001,August,32270,6181,38451,2770683,1292834,4063517,2493549,1569968,4063517,3322501,741016,20700,4084217,88530,3530
125,2001,September,30917,5515,36432,2511772,1039717,3551489,2220769,1330720,3551489,2968338,583151,12315,3563804,95066,3372
126,2001,October,30977,5509,36486,2307169,919494,3226663,2029245,1197418,3226663,2761668,464995,8669,3235332,105253,4812
127,2001,November,25966,5093,31059,1838928,817914,2656842,1573766,1083076,2656842,2514356,142486,7760,2664602,106775,5213
128,2001,December,24873,5354,30227,1716150,881334,2597484,1414072,1183412,2597484,2473787,123697,9957,2607441,106412,6121
129,2001,Total,348697,67765,416462,26801533,12507908,39309441,23284957,16024484,39309441,34597071,4712370,221682,39531123,1183208,50953
130,2002,January,25598,5237,30835,1663797,908602,2572399,1387825,1184574,2572399,2451472,120927,11407,2583806,91162,4534
131,2002,February,23645,4808,28453,1759993,836638,2596631,1476977,1119654,2596631,2443808,152823,7853,2604484,95839,3916
132,2002,March,26863,5502,32365,2135344,1029881,3165225,1735421,1429804,3165225,2967252,197973,9703,3174928,115482,4864
133,2002,April,27610,5497,33107,2324495,978650,3303145,1926379,1376766,3303145,3010954,292191,10215,3313360,101120,3751
134,2002,May,29834,5765,35599,2674188,1024059,3698247,2308629,1389618,3698247,3171060,527187,13028,3711275,100253,3832
135,2002,June,28738,5781,34519,2574187,1094444,3668631,2124337,1544294,3668631,3187302,481329,14547,3683178,103424,3550
136,2002,July,30817,6156,36973,2913451,1216982,4130433,2483603,1646830,4130433,3435381,695052,18741,4149174,98256,3565
137,2002,August,30630,6210,36840,2879304,1252096,4131400,2446610,1684790,4131400,3425619,705781,18175,4149575,96716,3413
138,2002,September,29162,5949,35111,2729808,1134550,3864358,2274288,1590070,3864358,3325151,539207,12270,3876628,101489,3527
139,2002,October,29570,6093,35663,2614623,1106487,3721110,2250624,1470486,3721110,3239876,481234,10190,3731300,109809,3905
140,2002,November,25801,5869,31670,1941620,950912,2892532,1634294,1258238,2892532,2739664,152868,10205,2902737,118098,4446
141,2002,December,24302,5948,30250,1843813,999638,2843451,1531749,1311702,2843451,2704938,138513,12113,2855564,108250,5422
142,2002,Total,332570,68815,401385,28054623,12532939,40587562,23580736,17006826,40587562,36102477,4485085,148447,40736009,1239900,48726
143,2003,January,24762,5787,30549,1761927,985575,2747502,1462712,1284790,2747502,2616572,130930,15526,2763028,96585,3767
144,2003,February,23490,5290,28780,1800961,867814,2668775,1488353,1180422,2668775,2523641,145134,12864,2681639,102236,3844
145,2003,March,26706,5856,32562,2080568,938034,3018602,1728126,1290476,3018602,2838121,180481,14097,3032699,120845,4065
146,2003,April,26274,5286,31560,2167729,845663,3013392,1796908,1216484,3013392,2763865,249527,11705,3025097,104582,4290
147,2003,May,28332,5564,33896,2503023,890634,3393657,2150997,1242660,3393657,2944382,449275,13992,3407649,104029,4060
148,2003,June,27756,5755,33511,2558468,985765,3544233,2142927,1401306,3544233,3112988,431245,14321,3558554,102249,3607
149,2003,July,29680,6356,36036,2901099,1174733,4075832,2540672,1535160,4075832,3358759,717073,13283,4089115,103776,3498
150,2003,August,29203,6520,35723,2811953,1220970,4032923,2428847,1604076,4032923,3387058,645865,14229,4047152,105261,3459
151,2003,September,28417,6091,34508,2640059,1094450,3734509,2210159,1524350,3734509,3277043,457466,12028,3746537,108069,3506
152,2003,October,28803,6305,35108,2644749,1116536,3761285,2266293,1494992,3761285,3292040,469245,9306,3770591,119003,3829
153,2003,November,25034,6020,31054,1989252,980838,2970090,1691228,1278862,2970090,2794841,175249,9071,2979161,122583,4210
154,2003,December,23491,6219,29710,1842115,1005734,2847849,1559473,1288376,2847849,2680464,167385,11329,2859178,116939,5470
155,2003,Total,321948,71049,392997,27701903,12106746,39808649,23466695,16341954,39808649,35589774,4218875,151751,39960400,1306155,47605
156,2004,January,23716,6046,29762,1718631,1023049,2741680,1476894,1264786,2741680,2566884,174796,11064,2752744,100298,3722
157,2004,February,23527,5834,29361,1878147,952492,2830639,1576253,1254386,2830639,2642151,188488,9844,2840483,113908,3632
158,2004,March,26395,6331,32726,2181747,1075926,3257673,1789223,1468450,3257673,3048548,209125,12287,3269960,126798,3796
159,2004,April,26435,6243,32678,2393155,1086930,3480085,1980157,1499928,3480085,3207161,272924,9828,3489913,115584,3428
160,2004,May,29287,6410,35697,2742827,1100444,3843271,2383711,1459560,3843271,3319424,523847,12879,3856150,115226,3463
161,2004,June,28619,6246,34865,2673494,1123467,3796961,2173539,1623422,3796961,3369770,427191,13803,3810764,110488,3496
162,2004,July,30108,6804,36912,3052318,1285449,4337767,2597127,1740640,4337767,3655382,682385,7293,4345060,114084,3856
163,2004,August,29948,6748,36696,2949125,1294505,4243630,2522204,1721426,4243630,3589895,653735,10006,4253636,109672,3479
164,2004,September,28907,6423,35330,2743973,1183229,3927202,2309990,1617212,3927202,3472298,454904,8545,3935747,116297,3830
165,2004,October,29730,6751,36481,2729487,1185809,3915296,2366446,1548850,3915296,3421491,493805,7711,3923007,131131,4000
166,2004,November,25147,6499,31646,2025148,1062248,3087396,1728316,1359080,3087396,2920272,167124,5315,3092711,134839,3893
167,2004,December,23884,6700,30584,1871610,1092182,2963792,1553344,1410448,2963792,2821312,142480,7213,2971005,132699,5586
168,2004,Total,325703,77035,402738,28959662,13465730,42425392,24457204,17968188,42425392,38034588,4390804,115788,42541180,1421023,46181
169,2005,January,23737,6635,30372,1826971,1128821,2955792,1586138,1369654,2955792,2775883,179909,6711,2962503,114306,3834
170,2005,February,22506,6093,28599,1829746,1000179,2829925,1549941,1279984,2829925,2658535,171390,5756,2835681,112970,3647
171,2005,March,25160,6677,31837,2137360,1143835,3281195,1773875,1507320,3281195,3096898,184297,4934,3286129,125370,3903
172,2005,April,27049,6704,33753,2388567,1159444,3548011,2005261,1542750,3548011,3315344,232667,4209,3552220,121326,3714
173,2005,May,29928,6757,36685,2867061,1192489,4059550,2534928,1524622,4059550,3550101,509449,5701,4065251,113852,3763
174,2005,June,28624,6628,35252,2724647,1216505,3941152,2275368,1665784,3941152,3547727,393425,8900,3950052,114623,3328
175,2005,July,30095,7172,37267,3134037,1394557,4528594,2734936,1793658,4528594,3857958,670636,6195,4534789,118451,3288
176,2005,August,30169,7135,37304,3050034,1383117,4433151,2641765,1791386,4433151,3798173,634978,7659,4440810,113511,3284
177,2005,September,28991,6740,35731,2875493,1270244,4145737,2450653,1695084,4145737,3701365,444372,7156,4152893,117368,3631
178,2005,October,29482,6864,36346,2848124,1228918,4077042,2459024,1618018,4077042,3608727,468315,5456,4082498,130265,3982
179,2005,November,25001,6500,31501,2097811,1100708,3198519,1798223,1400296,3198519,3067004,131515,4552,3203071,133142,4123
180,2005,December,23565,6607,30172,1966302,1112244,3078546,1602814,1475732,3078546,2956041,122505,12562,3091108,134612,5565
181,2005,Total,324307,80512,404819,29746153,14331061,44077214,25412926,18664288,44077214,39933756,4143458,79791,44157005,1449795,46064
182,2006,January,23847,6460,30307,1887308,1140894,3028202,1611472,1416730,3028202,2887957,140245,16371,3044573,114184,3478
183,2006,February,22598,5818,28416,1864307,994335,2858642,1576244,1282398,2858642,2712262,146380,9206,2867848,113677,3326
184,2006,March,26315,6748,33063,2226387,1172567,3398954,1897482,1501472,3398954,3257168,141786,7434,3406388,137746,3465
185,2006,April,28008,6718,34726,2588520,1220363,3808883,2178657,1630226,3808883,3601401,207482,4995,3813878,127598,3222
186,2006,May,31231,6932,38163,2962074,1213887,4175961,2624201,1551760,4175961,3758888,417073,5772,4181733,121475,3115
187,2006,June,30662,6875,37537,2965805,1261778,4227583,2502949,1724634,4227583,3820699,406884,4582,4232165,124221,2892
188,2006,July,31960,7348,39308,3331594,1413022,4744616,2890266,1854350,4744616,4121519,623097,6269,4750885,123741,3015
189,2006,August,31750,7313,39063,3198799,1409587,4608386,2788600,1819786,4608386,3990912,617474,5668,4614054,119822,3045
190,2006,September,30611,6923,37534,3001883,1293166,4295049,2557559,1737490,4295049,3868097,426952,5232,4300281,130823,3077
191,2006,October,31388,7025,38413,2921248,1279896,4201144,2525204,1675940,4201144,3829226,371918,3640,4204784,139516,3552
192,2006,November,27927,6419,34346,2229055,1124221,3353276,1918754,1434522,3353276,3225303,127973,4557,3357833,136809,3669
193,2006,December,25804,6595,32399,2109827,1177024,3286851,1790151,1496700,3286851,3204890,81961,5192,3292043,136890,4465
194,2006,Total,342101,81174,423275,31286807,14700740,45987547,26861539,19126008,45987547,42278322,3709225,78918,46066465,1526502,40321
195,2007,January,26264,6421,32685,1993371,1176518,3169889,1734561,1435328,3169889,3117743,52146,5199,3175088,115764,3211
196,2007,February,24980,5932,30912,2014433,1037287,3051720,1711186,1340534,3051720,2970337,81383,4390,3056110,118630,3011
197,2007,March,28670,6787,35457,2465479,1229947,3695426,2051798,1643628,3695426,3572383,123043,5297,3700723,139895,3409
198,2007,April,29470,6623,36093,2685778,1219723,3905501,2257877,1647624,3905501,3718785,186716,3626,3909127,128957,3121
199,2007,May,32599,6924,39523,3050454,1246004,4296458,2689924,1606534,4296458,3905801,390657,4006,4300464,126509,3295
200,2007,June,31088,6971,38059,2960451,1285796,4246247,2499853,1746394,4246247,3917302,328945,3794,4250041,135483,3281
201,2007,July,32957,7502,40459,3459876,1462127,4922003,3034641,1887362,4922003,4352572,569431,3908,4925911,133444,3107
202,2007,August,32566,7571,40137,3350716,1470730,4821446,2937442,1884004,4821446,4270217,551229,3472,4824918,130053,3199
203,2007,September,30648,7186,37834,3086664,1338400,4425064,2627816,1797248,4425064,4048113,376951,3267,4428331,139510,3318
204,2007,October,31343,7330,38673,3027094,1352005,4379099,2633823,1745276,4379099,4034970,344129,3338,4382437,147181,3650
205,2007,November,27038,6885,33923,2288084,1184805,3472889,1984495,1488394,3472889,3354248,118641,5388,3478277,150699,3806
206,2007,December,25310,7025,32335,2134644,1224516,3359160,1850926,1508234,3359160,3244934,114226,4561,3363721,144158,4695
207,2007,Total,352933,83157,436090,32517044,15227858,47744902,28014342,19730560,47744902,44507405,3237497,50246,47795148,1610282,41103
208,2008,January,25796,6775,32571,2002811,1198133,3200944,1749312,1451632,3200944,3102058,98886,3687,3204631,124926,3064
209,2008,February,24793,6457,31250,2070274,1082896,3153170,1772996,1380174,3153170,3042734,110436,3888,3157058,129983,2916
210,2008,March,27144,7098,34242,2458467,1283031,3741498,2074978,1666520,3741498,3598078,143420,5132,3746630,147001,3029
211,2008,April,29146,7107,36253,2647271,1271448,3918719,2311751,1606968,3918719,3705415,213304,2371,3921090,138095,2982
212,2008,May,31760,7425,39185,3063829,1339620,4403449,2732335,1671114,4403449,3947675,455774,2596,4406045,131989,2764
213,2008,June,30933,7290,38223,3029148,1371197,4400345,2563785,1836560,4400345,3970509,429836,2149,4402494,131934,2636
214,2008,July,32019,7777,39796,3329034,1518679,4847713,2882621,1965092,4847713,4225095,622618,2110,4849823,129296,2680
215,2008,August,31352,7766,39118,3197996,1518140,4716136,2739636,1976500,4716136,4124852,591284,1732,4717868,127823,2541
216,2008,September,30216,7267,37483,2957380,1340060,4297440,2446300,1851140,4297440,3891935,405505,3716,4301156,128258,2506
217,2008,October,30652,7460,38112,2886557,1385746,4272303,2465353,1806950,4272303,3918490,353813,4038,4276341,135817,2796
218,2008,November,25161,6891,32052,2109255,1162579,3271834,1742324,1529510,3271834,3183377,88457,4019,3275853,133785,3125
219,2008,December,23728,6639,30367,1973801,1194587,3168388,1590476,1577912,3168388,3079438,88950,2735,3171123,108805,3835
220,2008,Total,342700,85952,428652,31725823,15666116,47391939,27071867,20320072,47391939,43789656,3602283,38173,47430112,1567712,34873
221,2009,January,23438,6425,29863,1770284,1141464,2911748,1456880,1454868,2911748,2827048,84700,4022,2915770,90768,2701
222,2009,February,21802,5774,27576,1761430,959569,2720999,1458341,1262658,2720999,2622206,98793,3113,2724112,94948,2357
223,2009,March,25141,6373,31514,2085984,1113934,3199918,1739558,1460360,3199918,3079536,120382,3269,3203187,105079,2641
224,2009,April,26883,6379,33262,2463559,1209064,3672623,2056383,1616240,3672623,3492949,179674,3091,3675714,97604,2505
225,2009,May,28724,6548,35272,2705907,1186106,3892013,2350053,1541960,3892013,3473383,418630,3455,3895468,100447,2432
226,2009,June,27875,6442,34317,2639673,1211172,3850845,2173761,1677084,3850845,3470399,380446,4668,3855513,100226,2386
227,2009,July,29543,7128,36671,3109369,1423098,4532467,2698955,1833512,4532467,3871797,660670,7198,4539665,108305,2254
228,2009,August,29202,7176,36378,3037777,1446962,4484739,2641667,1843072,4484739,3827284,657455,2194,4486933,108618,2163
229,2009,September,27760,6426,34186,2752356,1262616,4014972,2277590,1737382,4014972,3588725,426247,2771,4017743,109540,2441
230,2009,October,27593,6725,34318,2677612,1306146,3983758,2307798,1675960,3983758,3631945,351813,2785,3986543,122543,2564
231,2009,November,23523,6300,29823,2049800,1108661,3158461,1805579,1352882,3158461,3071920,86541,4998,3163459,129702,2738
232,2009,December,21899,6290,28189,1936722,1163847,3100569,1702241,1398328,3100569,3026498,74071,5696,3106265,118592,3564
233,2009,Total,313383,77986,391369,28990473,14532639,43523112,24668806,18854306,43523112,39983690,3539422,47260,43570372,1286372,30749
234,2010,January,22200,6273,28473,1784929,1150475,2935404,1561096,1374308,2935404,2861813,73591,9827,2945231,106937,2494
235,2010,February,21367,5737,27104,1847977,1007742,2855719,1603835,1251884,2855719,2764171,91548,6188,2861907,112087,1994
236,2010,March,24830,6547,31377,2249379,1216232,3465611,1920921,1544690,3465611,3356191,109420,6589,3472200,134089,2229
237,2010,April,20977,5725,26702,1950351,1056634,3006985,1767927,1239058,3006985,2864850,142135,4102,3011087,110331,1995
238,2010,May,27721,6908,34629,2805648,1289462,4095110,2577518,1517592,4095110,3720488,374622,5216,4100326,128772,2202
239,2010,June,27329,7027,34356,2748330,1356463,4104793,2324703,1780090,4104793,3817842,286951,6187,4110980,123899,1997
240,2010,July,29254,7785,37039,3179518,1551270,4730788,2849720,1881068,4730788,4205876,524912,6850,4737638,130220,1922
241,2010,August,28974,7757,36731,3120870,1521856,4642726,2796122,1846604,4642726,4118693,524033,6047,4648773,130938,1830
242,2010,September,27499,7089,34588,2879591,1367328,4246919,2501065,1745854,4246919,3903230,343689,5118,4252037,131159,2077
243,2010,October,28096,7360,35456,2905832,1402285,4308117,2581171,1726946,4308117,3974248,333869,6371,4314488,141156,2160
244,2010,November,24592,6833,31425,2293615,1214539,3508154,2031626,1476528,3508154,3393996,114158,5723,3513877,136928,2325
245,2010,December,21694,6814,28508,2006306,1230335,3236641,1874643,1361998,3236641,3141465,95176,6564,3243205,125740,2654
246,2010,Total,304533,81855,386388,29772346,15364621,45136967,26390347,18746620,45136967,42122863,3014104,74782,45211749,1512256,25878
247,2011,January,23545,6824,30369,2016202,1241073,3257275,1792243,1465032,3257275,3162953,94322,6501,3263776,122254,2096
248,2011,February,22223,5838,28061,2013665,1031966,3045631,1753769,1291862,3045631,2964733,80898,4881,3050512,111405,1723
249,2011,March,26189,6701,32890,2454087,1203605,3657692,2128114,1529578,3657692,3550440,107252,4680,3662372,135646,2001
250,2011,April,28228,7073,35301,2828147,1297600,4125747,2448847,1676900,4125747,3972135,153612,6670,4132417,131324,1944
251,2011,May,30955,7078,38033,3164177,1308330,4472507,2813289,1659218,4472507,4220069,252438,8111,4480618,130586,1988
252,2011,June,29788,7139,36927,3143255,1370200,4513455,2697471,1815984,4513455,4270736,242719,6525,4519980,121858,2103
253,2011,July,31714,7850,39564,3570199,1580697,5150896,3126120,2024776,5150896,4712891,438005,6094,5156990,130592,1960
254,2011,August,31889,7742,39631,3491964,1565851,5057815,3058861,1998954,5057815,4601915,455900,6414,5064229,126824,1859
255,2011,September,30410,7196,37606,3257385,1424357,4681742,2777308,1904434,4681742,4375151,306591,5440,4687182,123284,2020
256,2011,October,30661,7407,38068,3183023,1420659,4603682,2763666,1840016,4603682,4333161,270521,5673,4609355,135804,2213
257,2011,November,25671,6658,32329,2399397,1180784,3580181,2145845,1434336,3580181,3506500,73681,6674,3586855,128913,2637
258,2011,December,24896,6674,31570,2303809,1230193,3534002,1985782,1548220,3534002,3481663,52339,6964,3540966,125315,3337
259,2011,Total,336169,84180,420349,33825310,15855315,49680625,29491315,20189310,49680625,47152347,2528278,74627,49755252,1523806,25880
260,2012,January,24719,6425,31144,2195330,1227432,3422762,1911016,1511746,3422762,3360037,62725,7729,3430491,108877,2233
261,2012,February,23838,6234,30072,2177863,1117346,3295209,1876083,1419126,3295209,3228206,67003,9011,3304220,118017,2032
262,2012,March,27096,6783,33879,2589361,1278732,3868093,2187431,1680662,3868093,3786870,81223,8367,3876460,131326,2255
263,2012,April,28497,6859,35356,2875204,1314041,4189245,2500701,1688544,4189245,4053214,136031,5696,4194941,123613,2055
264,2012,May,31102,7021,38123,3199268,1345064,4544332,2856764,1687568,4544332,4261082,283250,4444,4548776,124957,2179
265,2012,June,30391,7062,37453,3193777,1419068,4612845,2725197,1887648,4612845,4301527,311318,5157,4618002,122386,2230
266,2012,July,32231,7783,40014,3616378,1605217,5221595,3194015,2027580,5221595,4729518,492077,3318,5224913,126615,2206
267,2012,August,32143,7709,39852,3513351,1624154,5137505,3157111,1980394,5137505,4643625,493880,1730,5139235,121647,2129
268,2012,September,30429,7059,37488,3301087,1459352,4760439,2802915,1957524,4760439,4406763,353676,1365,4761804,125725,2204
269,2012,October,30631,7153,37784,3210326,1433371,4643697,2799709,1843988,4643697,4373626,270071,1785,4645482,126760,2525
270,2012,November,25555,6509,32064,2475265,1217002,3692267,2118747,1573520,3692267,3593487,98780,4281,3696548,127763,2884
271,2012,December,23566,6658,30224,2300056,1287547,3587603,1970943,1616660,3587603,3502632,84971,7115,3594718,125763,3443
272,2012,Total,340198,83255,423453,34647266,16328326,50975592,30100632,20874960,50975592,48240587,2735005,59998,51035590,1483448,28375
273,2013,January,23417,6538,29955,2116044,1270187,3386231,1816351,1569880,3386231,3301220,85011,5695,3391926,116137,2660
274,2013,February,22724,5987,28711,2150859,1114950,3265809,1808937,1456872,3265809,3162130,103679,5213,3271022,113469,2312
275,2013,March,26204,6790,32994,2632427,1335582,3968009,2152419,1815590,3968009,3841588,126421,6434,3974443,136663,2853
276,2013,April,29020,6970,35990,2967311,1365408,4332719,2564437,1768282,4332719,4175486,157233,2058,4334777,123416,2773
277,2013,May,31707,7295,39002,3431310,1433025,4864335,2997111,1867224,4864335,4555722,308613,2179,4866514,122489,2806
278,2013,June,30529,7287,37816,3336400,1519177,4855577,2773835,2081742,4855577,4576407,279170,2012,4857589,124435,2678
279,2013,July,32321,7804,40125,3674591,1647977,5322568,3170862,2151706,5322568,4857537,465031,2903,5325471,124515,2777
280,2013,August,32144,7863,40007,3631055,1702419,5333474,3200686,2132788,5333474,4861267,472207,2378,5335852,128633,2768
281,2013,September,31156,7119,38275,3409623,1487551,4897174,2874640,2022534,4897174,4578405,318769,2018,4899192,130631,2845
282,2013,October,31105,7202,38307,3304504,1441192,4745696,2860102,1885594,4745696,4503341,242355,2683,4748379,135003,3209
283,2013,November,26034,6588,32622,2552602,1220023,3772625,2217289,1555336,3772625,3688244,84381,3376,3776001,140896,3371
284,2013,December,25024,6756,31780,2464710,1318772,3783482,2079032,1704450,3783482,3717189,66293,4552,3788034,134800,3821
285,2013,Total,341385,84199,425584,35671436,16856263,52527699,30515701,22011998,52527699,49818536,2709163,41501,52569200,1531089,34872
286,2014,January,24728,6664,31392,2301528,1315024,3616552,1937916,1678636,3616552,3549588,66964,3552,3620104,123060,2978
287,2014,February,23394,6056,29450,2289187,1146405,3435592,1953014,1482578,3435592,3352757,82835,3960,3439552,123387,2678
288,2014,March,27140,6893,34033,2744289,1332183,4076472,2321066,1755406,4076472,3971962,104510,3747,4080219,146545,3011
289,2014,April,29742,6888,36630,3168885,1391757,4560642,2766900,1793742,4560642,4383959,176683,1222,4561864,134625,2934
290,2014,May,32356,7137,39493,3537385,1450566,4987951,3150621,1837330,4987951,4674392,313559,1461,4989412,139734,2943
291,2014,June,31620,7169,38789,3539691,1492946,5032637,2969681,2062956,5032637,4749878,282759,1417,5034054,134350,2847
292,2014,July,33479,7748,41227,3853130,1602544,5455674,3345784,2109890,5455674,5000402,455272,1488,5457162,136650,3090
293,2014,August,33516,7912,41428,3902345,1716091,5618436,3465412,2153024,5618436,5101207,517229,1281,5619717,136638,3147
294,2014,September,32423,7262,39685,3650216,1535289,5185505,3042523,2142982,5185505,4872406,313099,3061,5188566,136093,3073
295,2014,October,32391,7365,39756,3546449,1477119,5023568,3080558,1943010,5023568,4765875,257693,4009,5027577,145348,3382
296,2014,November,26866,6688,33554,2719549,1253294,3972843,2375745,1597098,3972843,3898185,74658,5392,3978235,142879,3432
297,2014,December,26131,6728,32859,2650810,1323852,3974662,2255916,1718746,3974662,3912541,62121,6899,3981561,133886,3964
298,2014,Total,353786,84510,438296,37903464,17037070,54940534,32665136,22275398,54940534,52233152,2707382,37489,54978023,1633195,37481
299,2015,January,25330,6702,32032,2407878,1311563,3719441,2074989,1644452,3719441,3655128,64313,6471,3725912,120267,3428
300,2015,February,24550,6057,30607,2458211,1144433,3602644,2105592,1497052,3602644,3525954,76690,4264,3606908,125979,2857
301,2015,March,27773,6826,34599,2870299,1323760,4194059,2438953,1755106,4194059,4119365,74694,4071,4198130,139596,2899
302,2015,April,30611,6991,37602,3365931,1404063,4769994,2943676,1826318,4769994,4642329,127665,2448,4772442,128842,2801
303,2015,May,33685,7387,41072,3880734,1499854,5380588,3452158,1928430,5380588,5084816,295772,2003,5382591,137665,2667
304,2015,June,32731,7339,40070,3782136,1539418,5321554,3174488,2147066,5321554,5082163,239391,2393,5323947,132218,2655
305,2015,July,34463,8031,42494,4197398,1717030,5914428,3690470,2223958,5914428,5486736,427692,3246,5917674,133764,2545
306,2015,August,34239,8102,42341,4150650,1786588,5937238,3649834,2287404,5937238,5498065,439173,3362,5940600,137638,2456
307,2015,September,33056,7502,40558,3868276,1597963,5466239,3250307,2215932,5466239,5217868,248371,2798,5469037,137636,2627
308,2015,October,32724,7517,40241,3768179,1558193,5326372,3277794,2048578,5326372,5121975,204397,2569,5328941,147246,2857
309,2015,November,27697,6757,34454,3016712,1308683,4325395,2656253,1669142,4325395,4286250,39145,2575,4327970,144790,2847
310,2015,December,27743,6866,34609,2916811,1370782,4287593,2498439,1789154,4287593,4256633,30960,3119,4290712,135328,3746
311,2015,Total,364602,86077,450679,40683215,17562330,58245545,35212953,23032592,58245545,55977282,2268263,39319,58284864,1620970,34385
312,2016,January,26437,6714,33151,2745595,1363225,4108820,2374512,1734308,4108820,4079418,29402,3134,4111954,126295,3145
313,2016,February,26652,6307,32959,2880353,1215052,4095405,2471215,1624190,4095405,4066114,29291,2382,4097787,123148,2558
314,2016,March,29846,7057,36903,3326928,1418941,4745869,2851171,1894698,4745869,4713892,31977,3589,4749458,140601,3039
315,2016,April,32408,7372,39780,3736412,1507061,5243473,3355067,1888406,5243473,5171565,71908,8698,5252171,137991,2924
316,2016,May,35785,7634,43419,4196258,1542546,5738804,3771678,1967126,5738804,5568234,170570,8879,5747683,135162,2728
317,2016,June,35002,7416,42418,4189124,1547715,5736839,3538363,2198476,5736839,5567227,169612,7728,5744567,135846,2509
318,2016,July,37023,8235,45258,4578516,1792292,6370808,4023748,2347060,6370808,6098359,272449,8790,6379598,139990,2434
319,2016,August,37479,8223,45702,4572032,1830094,6402126,4112000,2290126,6402126,6094885,307241,9355,6411481,136638,2499
320,2016,September,35558,7628,43186,4217956,1648531,5866487,3660111,2206376,5866487,5675541,190946,9289,5875776,140551,2404
321,2016,October,35653,7743,43396,4148903,1634595,5783498,3676510,2106988,5783498,5652092,131406,10028,5793526,153551,2592
322,2016,November,29320,7004,36324,3286965,1407147,4694112,2874064,1820048,4694112,4647285,46827,9369,4703481,146842,2619
323,2016,December,29065,7302,36367,3242478,1504991,4747469,2788938,1958531,4747469,4697577,49892,10583,4758052,149744,2996
324,2016,Total,390228,88635,478863,45121520,18412190,63533710,39497377,24036333,63533710,62032189,1501521,91824,63625534,1666360,32447
325,2017,January,28471,7192,35663,3060824,1498703,4559527,2683769,1875758,4559527,4503468,56059,12319,4571846,135728,2450
326,2017,February,26928,6471,33399,3013325,1310947,4324272,2640550,1683722,4324272,4269672,54600,10620,4334892,131768,2016
327,2017,March,31961,7474,39435,3625271,1535953,5161224,3151822,2009402,5161224,5102507,58717,9162,5170386,153912,2394
328,2017,April,34145,7728,41873,4146176,1691049,5837225,3743935,2093290,5837225,5707941,129284,8627,5845852,146652,2161
329,2017,May,37506,7912,45418,4502206,1705745,6207951,4034521,2173430,6207951,5965805,242146,8009,6215960,151841,2185
330,2017,June,36223,7788,44011,4462101,1682674,6144775,3808047,2336728,6144775,5914631,230144,8899,6153674,149121,2185
331,2017,July,38141,8355,46496,4863967,1865307,6729274,4339936,2389338,6729274,6344071,385203,9836,6739110,149142,2196
332,2017,August,38511,8351,46862,4904314,1884290,6788604,4460896,2327708,6788604,6351577,437027,8737,6797341,146932,1837
333,2017,September,36334,7939,44273,4528499,1730605,6259104,3996824,2262280,6259104,5974787,284317,9012,6268116,150521,1733
334,2017,October,36771,8078,44849,4512232,1730676,6242908,4020966,2221942,6242908,6042861,200047,8296,6251204,155575,2022
335,2017,November,30706,7257,37963,3643001,1527756,5170757,3210777,1959980,5170757,5123210,47547,9995,5180752,147346,2168
336,2017,December,29071,7427,36498,3387426,1588099,4975525,2994301,1981224,4975525,4925010,50515,10767,4986292,142523,2464
337,2017,Total,404768,91972,496740,48649342,19751804,68401146,43086344,25314802,68401146,66225540,2175606,114279,68515425,1761060,25811
338,2018,January,29744,7369,37113,3322876,1586113,4908989,2897577,2011412,4908989,4857016,51973,10108,4919097,134973,2031
339,2018,February,28365,6704,35069,3316805,1425001,4741806,2865512,1876294,4741806,4688470,53336,8552,4750358,133842,1586
340,2018,March,32469,7590,40059,3886460,1672996,5559456,3400686,2158770,5559456,5503633,55823,8514,5567970,148542,1962
341,2018,April,34088,7773,41861,4247799,1769116,6016915,3918581,2098484,6016915,5910922,105993,7020,6023935,139697,1804
342,2018,May,36719,8023,44742,4617220,1776716,6393936,4260452,2133484,6393936,6183401,210535,6330,6400266,144688,1643
343,2018,June,35596,7903,43499,4552594,1824799,6377393,4081211,2296182,6377393,6183344,194049,8344,6385737,143589,1658
344,2018,July,37167,8382,45549,4797829,1967175,6765004,4386076,2378928,6765004,6546802,218202,7943,6772947,144359,1642
345,2018,August,37261,8452,45713,4820950,2015718,6836668,4497488,2339180,6836668,6585890,250778,7583,6844251,146537,1674
346,2018,September,36278,7920,44198,4563606,1833334,6396940,4073062,2323878,6396940,6191346,205594,7008,6403948,145595,1658
347,2018,October,37010,8090,45100,4562671,1839619,6402290,4132718,2269572,6402290,6260197,142093,7633,6409923,153064,1831
348,2018,November,31017,7367,38384,3700208,1596735,5296943,3316203,1980740,5296943,5263638,33305,8863,5305806,143974,1924
349,2018,December,30535,7622,38157,3590638,1669616,5260254,3163052,2097202,5260254,5228989,31265,8655,5268909,137636,2073
350,2018,Total,406249,93195,499444,49979656,20976938,70956594,44992618,25964126,70956594,69403648,1552946,96553,71053147,1716497,21486
351,2019,January,29779,7406,37185,3373101,1623030,4996131,2981899,2014232,4996131,4968427,27704,8974,5005105,122643,1615
352,2019,February,28522,6673,35195,3383286,1453046,4836332,2981844,1854488,4836332,4809123,27209,7567,4843899,115797,1398
353,2019,March,32070,7715,39785,3947789,1682525,5630314,3571422,2058892,5630314,5611942,18372,7453,5637767,144773,1761
354,2019,April,34186,7706,41892,4314805,1789205,6104010,4025536,2078474,6104010,6072405,31605,2486,6106496,126743,1747
355,2019,May,36811,7896,44707,4651471,1790002,6441473,4237293,2204180,6441473,6367146,74327,0,6441473,133648,1860
356,2019,June,35564,7779,43343,4652003,1850585,6502588,4159562,2343026,6502588,6428527,74061,0,6502588,123888,1736
357,2019,July,36530,8206,44736,4758165,1965858,6724023,4427091,2296932,6724023,6632971,91052,0,6724023,129143,1876
358,2019,August,36867,8255,45122,4804762,2005997,6810759,4495169,2315590,6810759,6704454,106305,0,6810759,130581,1774
359,2019,September,36193,7938,44131,4649227,1844241,6493468,4153928,2339540,6493468,6418556,74912,13,6493481,136819,1747
360,2019,October,36508,7995,44503,4600170,1831273,6431443,4161063,2270380,6431443,6388599,42844,0,6431443,143594,1974
361,2019,November,30599,7203,37802,3713816,1609774,5323590,3353744,1969846,5323590,5314376,9214,0,5323590,136256,2133
362,2019,December,30995,7430,38425,3694378,1691825,5386203,3259261,2126942,5386203,5375663,10540,172,5386375,126376,2338
363,2019,Total,404624,92202,496826,50542973,21137361,71680334,45807812,25872522,71680334,71092189,588145,26665,71706999,1443885,19622
364,2020,January,30336,7231,37567,3448900,1625873,5074773,3011207,2063566,5074773,5061346,13427,0,5074773,113080,1908
365,2020,February,28414,6565,34979,3329009,1387630,4716639,3008589,1708050,4716639,4697932,18707,187,4716826,116217,1491
366,2020,March,19850,5305,25155,1641935,834437,2476372,1498230,978142,2476372,2463712,12660,140,2476512,120481,1167
367,2020,April,2046,2196,4242,67684,58331,126015,64573,61442,126015,123257,2758,862,126877,93255,382
368,2020,May,2805,3073,5878,131546,76281,207827,103491,104336,207827,203362,4465,459,208286,104745,542
369,2020,June,4659,3459,8118,338245,133165,471410,250652,220758,471410,464080,7330,442,471852,108164,855
370,2020,July,11632,4072,15704,1114398,224459,1338857,922219,416638,1338857,1321086,17771,265,1339122,119634,1083
371,2020,August,18864,4261,23125,1608511,246275,1854786,1192978,661808,1854786,1836617,18169,0,1854786,119975,1283
372,2020,September,17854,4308,22162,1102721,235020,1337741,716593,621148,1337741,1325406,12335,0,1337741,124491,1251
373,2020,October,14877,4737,19614,874489,268994,1143483,534283,609200,1143483,1136534,6949,92,1143575,140140,1521
374,2020,November,10066,4792,14858,629150,271284,900434,339034,561400,900434,897247,3187,19,900453,145474,1511
375,2020,December,10953,4949,15902,836153,396974,1233127,455101,778026,1233127,1228988,4139,114,1233241,135866,1837
376,2020,Total,172356,54948,227304,15122741,5758723,20881464,12096950,8784514,20881464,20759567,121897,2580,20884044,1441521,14831
377,2021,January,9809,4857,14666,553464,315665,869129,316521,552608,869129,866424,2705,181,869310,133222,1403
378,2021,February,6500,4155,10655,327645,177563,505208,213404,291804,505208,503378,1830,0,505208,125137,1109
379,2021,March,7582,4638,12220,430955,229221,660176,264056,396120,660176,658056,2120,196,660372,153206,1379
380,2021,April,9191,4531,13722,536128,250524,786652,327124,459528,786652,785753,899,4,786656,141132,1258
381,2021,May,10870,4709,15579,804575,302165,1106740,485634,621106,1106740,1104764,1976,0,1106740,147017,1223
382,2021,June,14381,4814,19195,1231479,446786,1678265,822699,855566,1678265,1666353,11912,145,1678410,137956,1128
383,2021,July,23400,5741,29141,2303289,726662,3029951,1776151,1253800,3029951,3000911,29040,121,3030072,130664,978
384,2021,August,26079,5768,31847,2939403,847570,3786973,2375827,1411146,3786973,3740772,46201,242,3787215,130844,1049
385,2021,September,24485,5534,30019,2677291,692914,3370205,2043483,1326722,3370205,3331417,38788,231,3370436,133245,1002
386,2021,October,25571,5755,31326,2978808,767183,3745991,2389357,1356634,3745991,3726306,19685,161,3746152,149383,1040
387,2021,November,22909,5463,28372,2273366,822457,3095823,1822765,1273058,3095823,3090229,5594,403,3096226,143831,943
388,2021,December,24523,5702,30225,1924693,931018,2855711,1525203,1330508,2855711,2844850,10861,125,2855836,141667,1038
389,2021,Total,205300,61667,266967,18981096,6509728,25490824,14362224,11128600,25490824,25319213,171611,1809,25492633,1667304,13550
390,2022,January,20787,5446,26233,1664713,823370,2488083,1312239,1175844,2488083,2473167,14916,127,2488210,122553,827
391,2022,February,19151,4978,24129,1905321,755355,2660676,1514604,1146072,2660676,2643936,16740,241,2660917,118274,824
392,2022,March,24612,5770,30382,2706725,1025323,3732048,2230310,1501738,3732048,3715449,16599,0,3732048,128198,819
393,2022,April,27473,5948,33421,3252399,1182188,4434587,2928701,1505886,4434587,4384090,50497,0,4434587,116895,688
394,2022,May,31902,6518,38420,3891004,1326031,5217035,3515613,1701422,5217035,5095936,121099,614,5217649,119551,685
395,2022,June,30316,6605,36921,3807896,1424734,5232630,3345574,1887056,5232630,5109036,123594,326,5232956,116274,667
396,2022,July,28995,7005,36000,3615230,1564495,5179725,3293505,1886220,5179725,5068651,111074,0,5179725,120131,584
397,2022,August,30631,7099,37730,3743746,1583615,5327361,3462999,1864362,5327361,5207234,120127,0,5327361,116876,549
398,2022,September,30244,6783,37027,3705504,1491427,5196931,3312769,1884162,5196931,5103260,93671,0,5196931,121508,538
399,2022,October,29455,6910,36365,3443474,1468947,4912421,3170202,1742219,4912421,4833662,78759,0,4912421,125358,465
400,2022,November,23943,6406,30349,2693189,1294216,3987405,2568293,1419112,3987405,3964995,22410,0,3987405,119074,461
401,2022,December,24170,6499,30669,2709722,1392256,4101978,2562744,1539234,4101978,4084140,17838,0,4101978,113118,608
402,2022,Total,321679,75967,397646,37138923,15331957,52470880,33217553,19253327,52470880,51683556,787324,1308,52472188,1437812,7715
